wolfRMNP <-
structure(c(120, 70, 55, 60, 63, 68, 73, 79, 65, `1983` = 59, 
51, 58, 71, `1987` = 52, `1988` = 102, `1989` = 66, `1990` = 72, 
`1991` = 75, `1995` = 39, `1996` = 30, `1997` = 42, `1998` = 48, 
`1999` = 50, `2000` = 52, `2001` = 69, `2002` = 76, `2003` = 76, 
`2004` = 65, `2005` = 76, `2006` = 77, `2007` = 79, `2008` = 71, 
`2009` = 75, `2010` = 85, `2011` = 113, `2012` = 86, `2013` = 69, 
`2014` = 76, `2015` = 72, `2016` = 70, `2017` = 67, `2018` = 73
), .Tsp = c(1974, 2015, 1), class = "ts")
