zx <-
list(z = structure(c(12.118380067282736, 13.795718923169643, 
11.668429423890815, 4.775220075001422, 3.0088586588688822, 9.4758402607659846, 
15.42154062466464, 16.880221006977166, 11.273855856899363, 8.2746522532250673, 
10.003868067956663, 7.8145533729755634, 8.6272973453698469, 13.052466619568907, 
10.527485432095855, 10.821295203317851, 9.6481482951679141, 8.6125894364910529, 
8.1401515900088715, 10.235638477646102, 9.4166160328735913, 8.4532404482532524, 
12.169205771915856, 10.923542727239964, 11.529171894169524, 13.618290727156085, 
8.3069738030488907, 6.4374246372125654, 8.3245743194537631, 9.3441331469439906, 
10.896855507482584, 7.9926162428139609, 10.526403391121612, 11.151605837509276, 
9.7507754979172727, 9.5400212092335561, 6.71803850603371, 4.5094908482265268, 
8.5703385069766469, 9.0049696208670458, 7.2230698442867567, 8.1943467131510417, 
8.4736637176405551, 10.132305704541009, 13.216928232528598, 12.729615879757684, 
10.031749743371453, 6.9599582106841735, 8.2289310200353825, 7.055108610016565, 
9.2242651906618871, 9.5778443906367094, 11.324426520609411, 10.207107512797808, 
5.4276170286518459, 6.5102388206803301, 7.234269405243321, 9.9358669763741023, 
8.8907718325718097, 12.765142049112651, 14.500647709753164, 13.998601768515892, 
11.646576117852703, 9.4162878214489485, 10.427500185321335, 15.510996592351031, 
14.545485161887541, 13.799084317614028, 9.1677072748819253, 4.3824640345652242, 
5.0737180670892847, 8.1517858903791023, 7.4771789438516665, 5.9661927894776241, 
6.5111219097778088, 10.344705265883873, 12.453306647739332, 9.3443681909800489, 
8.7041603508303051, 9.2831125852183547, 10.171412881328823, 9.0364369621596925, 
10.680299806257272, 14.339569929783766, 13.513108566504894, 9.8195992586132572, 
8.7548005601910184, 5.3444784221177493, 6.8004297797544231, 10.355832103726614, 
10.696701845872093, 11.992425965769964, 12.62822761171036, 11.616285004934202, 
10.662318643090753, 8.8415052867308024, 7.8865094754849201, 9.0552652834712486, 
9.3849485770104053, 9.4838788605217381), .Tsp = c(1920, 2019, 
1), class = "ts"), x = structure(c(27.907094273453797, 23.767504035466676, 
18.31084919055602, 21.504282282077632, 28.518379897525733, 29.741901345738299, 
28.37908292815937, 21.197544421062837, 22.280679707147673, 25.236778869347638, 
24.255981439471991, 24.857954617191286, 29.473841922822807, 24.156786926423443, 
24.263177225510013, 24.016869388692388, 22.700594553621446, 24.466256732295093, 
24.77888563623225, 24.426142297767292, 23.361749599874535, 29.496822985159916, 
24.60073621604807, 26.249118314788792, 26.974294487004123, 20.799524321474436, 
22.579259469719972, 26.239300757288152, 26.466093182850734, 25.489001524689709, 
22.714466611878905, 26.303174951361626, 24.594308437002873, 24.468705829551237, 
24.714786507345234, 21.016081656386007, 22.069727320639149, 27.643557333679979, 
26.692501416686124, 23.752000973690993, 25.456905277615004, 26.512573717185003, 
27.649948293133093, 30.137136533162007, 23.983076931834564, 22.002359741651723, 
20.961603045061587, 24.412340147550417, 23.630318976405491, 29.347888711964334, 
24.556945509797842, 27.18201684810591, 24.480269453512747, 20.001357648162909, 
26.025634522451423, 25.792993809815936, 28.299648409925261, 23.895175000633081, 
29.457072583591462, 26.892774159892063, 23.378768732434647, 23.52428147855117, 
23.121038803012517, 24.44175779999221, 30.835982432338341, 25.232654181111371, 
25.760828230131779, 20.451228016008681, 20.007996587503705, 25.107104413689569, 
27.403889758132568, 24.889920689845312, 24.109580872885946, 26.010461208430641, 
30.105470304460173, 26.538506224562937, 21.309135464905914, 23.746094180151463, 
25.180856321167958, 25.352109404984041, 24.761420625337646, 26.047568288848773, 
28.468466046731649, 25.403053657722623, 22.396732527344582, 24.063306430581655, 
21.975169493964081, 25.737738693126889, 26.875951972433601, 24.986512905637756, 
29.2001074232268, 26.87711709794111, 26.565043492319223, 21.770049814887479, 
23.232051485300531, 22.417469231654675, 25.145604079923384, 24.322746039217968, 
25.333035529644167, 27.083212039825263, 26.192794149258962, 23.651827255687365, 
20.63431963436464, 22.623386924895126, 26.033762488024518, 27.386225957489611, 
29.101544855062251, 29.024266371773003, 25.365306645685141, 25.423431916007559, 
22.166961164351179, 21.493049945790979, 25.944329164427703, 23.039816786488014, 
27.858474774069244, 22.741586066954689, 23.818633935408645, 21.950079511693389, 
22.163968331449169, 27.813455431861733), .Tsp = c(1920, 2039, 
1), class = "ts"))
